0.000000e+00 9.900000e-01
1.000391e+00 6.892225e-01
2.000148e+00 6.790322e-01
3.000148e+00 7.732579e-01
4.000115e+00 8.117519e-01
5.000148e+00 8.374598e-01
6.000148e+00 8.735948e-01
7.000148e+00 9.013467e-01
8.000148e+00 9.306377e-01
9.000148e+00 9.306377e-01
1.000004e+01 9.403617e-01
1.100015e+01 9.403617e-01
1.200015e+01 9.502944e-01
1.300015e+01 9.502944e-01
1.400015e+01 9.601972e-01
1.500015e+01 9.700911e-01
1.600015e+01 9.700911e-01
1.700015e+01 9.700911e-01
1.800015e+01 9.700911e-01
1.900015e+01 9.700911e-01
2.000015e+01 9.700911e-01
2.100015e+01 9.800359e-01
2.200015e+01 9.800359e-01
2.300015e+01 9.800359e-01
2.400015e+01 9.800359e-01
2.500002e+01 9.800359e-01
2.600015e+01 9.800359e-01
2.700015e+01 9.800359e-01
2.800015e+01 9.800359e-01
2.900015e+01 9.800359e-01
3.000015e+01 9.900003e-01
3.100015e+01 9.900003e-01
3.200015e+01 9.900003e-01
3.300015e+01 9.900003e-01
3.400015e+01 9.900003e-01
3.500015e+01 9.900003e-01
3.600015e+01 9.900003e-01
3.700015e+01 9.900003e-01
3.800015e+01 9.900003e-01
3.900015e+01 9.900003e-01
4.000015e+01 9.900003e-01
4.100015e+01 9.900003e-01
4.200015e+01 9.900003e-01
4.300015e+01 9.900003e-01
4.400015e+01 9.900003e-01
4.500015e+01 9.900003e-01
4.600015e+01 9.900003e-01
4.700015e+01 9.900003e-01
4.800015e+01 9.900003e-01
4.900015e+01 9.900003e-01
5.000015e+01 9.900003e-01
5.100015e+01 9.900003e-01
5.200015e+01 9.900003e-01
5.300015e+01 9.900003e-01
5.400015e+01 9.900003e-01
5.500015e+01 9.900003e-01
5.600015e+01 9.900003e-01
5.700015e+01 9.900003e-01
5.800015e+01 9.900003e-01
5.900015e+01 9.900003e-01
6.000015e+01 9.900003e-01
6.100015e+01 9.900003e-01
6.200015e+01 9.900003e-01
6.300015e+01 9.900003e-01
6.400015e+01 9.900003e-01
6.500015e+01 9.900003e-01
6.600015e+01 9.900003e-01
6.700015e+01 9.900003e-01
6.800015e+01 9.900003e-01
6.900015e+01 9.900003e-01
7.000015e+01 9.900003e-01
7.100015e+01 9.900003e-01
7.200015e+01 9.900003e-01
7.300015e+01 9.900003e-01
7.400015e+01 9.900003e-01
7.500015e+01 9.900003e-01
7.600015e+01 9.900003e-01
7.700015e+01 9.900003e-01
7.800015e+01 9.900003e-01
7.900015e+01 9.900003e-01
8.000015e+01 9.900003e-01
8.100015e+01 9.900003e-01
8.200015e+01 9.900003e-01
8.300015e+01 9.900003e-01
8.400015e+01 9.900003e-01
8.500015e+01 9.900003e-01
8.600015e+01 9.900003e-01
8.700015e+01 9.900003e-01
8.800015e+01 9.900003e-01
8.900015e+01 9.900003e-01
9.000015e+01 9.900003e-01
9.100015e+01 9.900003e-01
9.200000e+01 9.900003e-01
9.300015e+01 9.900003e-01
9.400015e+01 9.900003e-01
9.500015e+01 9.900003e-01
9.600015e+01 9.900003e-01
9.700015e+01 9.900003e-01
9.800015e+01 9.900003e-01
9.900015e+01 9.900003e-01
1.000001e+02 9.900003e-01
1.010001e+02 9.900003e-01
1.020001e+02 9.900003e-01
1.030001e+02 9.900003e-01
1.040001e+02 9.900003e-01
1.050001e+02 9.900003e-01
1.060001e+02 9.900003e-01
1.070001e+02 9.900003e-01
1.080001e+02 9.900003e-01
1.090001e+02 9.900003e-01
1.100001e+02 9.900003e-01
1.110001e+02 9.900003e-01
1.120001e+02 9.900003e-01
1.130001e+02 9.900003e-01
1.140001e+02 9.900003e-01
1.150001e+02 9.900003e-01
1.160001e+02 9.900003e-01
1.170001e+02 9.900003e-01
1.180001e+02 9.900003e-01
1.190001e+02 9.900003e-01
1.200001e+02 9.900003e-01
1.210001e+02 9.900003e-01
1.220001e+02 9.900003e-01
1.230001e+02 9.900003e-01
1.240001e+02 9.900003e-01
1.250001e+02 9.900003e-01
1.260001e+02 9.900003e-01
1.270001e+02 9.900003e-01
1.280001e+02 9.900003e-01
1.290001e+02 9.900003e-01
1.300001e+02 9.900003e-01
1.310001e+02 9.900003e-01
1.320001e+02 9.900003e-01
1.330001e+02 9.900003e-01
1.340001e+02 9.900003e-01
1.350001e+02 9.900003e-01
1.360001e+02 9.900003e-01
1.370001e+02 9.900003e-01
1.380001e+02 9.900003e-01
1.390001e+02 9.900003e-01
1.400001e+02 9.900003e-01
1.410001e+02 9.900003e-01
1.420001e+02 9.900003e-01
1.430001e+02 9.900003e-01
1.440001e+02 9.900003e-01
1.450001e+02 9.900003e-01
1.460001e+02 9.900003e-01
1.470001e+02 9.900003e-01
1.480001e+02 9.900003e-01
1.490001e+02 9.900003e-01
1.500001e+02 9.900003e-01
1.510001e+02 9.900003e-01
1.520001e+02 9.900003e-01
1.530001e+02 9.900003e-01
1.540001e+02 9.900003e-01
1.550001e+02 9.900003e-01
1.560001e+02 9.900003e-01
1.570001e+02 9.900003e-01
1.580001e+02 9.900003e-01
1.590001e+02 9.900003e-01
1.600001e+02 9.900003e-01
1.610001e+02 9.900003e-01
1.620001e+02 9.900003e-01
1.630001e+02 9.900003e-01
1.640001e+02 9.900003e-01
1.650001e+02 9.900003e-01
1.660001e+02 9.900003e-01
1.670000e+02 9.900003e-01
1.680001e+02 9.900003e-01
1.690001e+02 9.900003e-01
1.700001e+02 9.900003e-01
1.710001e+02 9.900003e-01
1.720001e+02 9.900003e-01
1.730001e+02 9.900003e-01
1.740001e+02 9.900003e-01
1.750001e+02 9.900003e-01
1.760001e+02 9.900003e-01
1.770001e+02 9.900003e-01
1.780001e+02 9.900003e-01
1.790001e+02 9.900003e-01
1.800001e+02 9.900003e-01
1.810001e+02 9.900003e-01
1.820001e+02 9.900003e-01
1.830001e+02 9.900003e-01
1.840001e+02 9.900003e-01
1.850001e+02 9.900003e-01
1.860001e+02 9.900003e-01
1.870000e+02 9.900003e-01
1.880001e+02 9.900003e-01
1.890001e+02 9.900003e-01
1.900001e+02 9.900003e-01
1.910001e+02 9.900003e-01
1.920001e+02 9.900003e-01
1.930001e+02 9.900003e-01
1.940001e+02 9.900003e-01
1.950001e+02 9.900003e-01
1.960001e+02 9.900003e-01
1.970001e+02 9.900003e-01
1.980001e+02 9.900003e-01
1.990001e+02 1.000000e+00
2.000001e+02 1.000000e+00
2.010001e+02 1.000000e+00
2.020001e+02 1.000000e+00
2.030001e+02 1.000000e+00
2.040001e+02 1.000000e+00
2.050001e+02 1.000000e+00
2.060001e+02 1.000000e+00
2.070001e+02 1.000000e+00
2.080001e+02 1.000000e+00
2.090001e+02 1.000000e+00
2.100001e+02 1.000000e+00
2.110001e+02 1.000000e+00
2.120001e+02 1.000000e+00
2.130001e+02 1.000000e+00
2.140001e+02 1.000000e+00
2.150001e+02 1.000000e+00
2.160001e+02 1.000000e+00
2.170001e+02 1.000000e+00
2.180001e+02 1.000000e+00
2.190001e+02 1.000000e+00
2.200001e+02 1.000000e+00
2.210001e+02 1.000000e+00
2.220001e+02 1.000000e+00
2.230001e+02 1.000000e+00
2.240001e+02 1.000000e+00
2.250001e+02 1.000000e+00
2.260001e+02 1.000000e+00
2.270001e+02 1.000000e+00
2.280001e+02 1.000000e+00
2.290001e+02 1.000000e+00
2.300001e+02 1.000000e+00
2.310001e+02 1.000000e+00
2.320001e+02 1.000000e+00
2.330001e+02 1.000000e+00
2.340001e+02 1.000000e+00
2.350001e+02 1.000000e+00
2.360001e+02 1.000000e+00
2.370001e+02 1.000000e+00
2.380001e+02 1.000000e+00
2.390001e+02 1.000000e+00
2.400001e+02 1.000000e+00
2.410001e+02 1.000000e+00
2.420001e+02 1.000000e+00
2.430001e+02 1.000000e+00
2.440001e+02 1.000000e+00
2.450001e+02 1.000000e+00
2.460001e+02 1.000000e+00
2.470001e+02 1.000000e+00
2.480001e+02 1.000000e+00
2.490001e+02 1.000000e+00
2.500001e+02 1.000000e+00
2.510001e+02 1.000000e+00
2.520001e+02 1.000000e+00
2.530001e+02 1.000000e+00
2.540001e+02 1.000000e+00
2.550001e+02 1.000000e+00
2.560001e+02 1.000000e+00
2.570001e+02 1.000000e+00
2.580001e+02 1.000000e+00
2.590001e+02 1.000000e+00
2.600001e+02 1.000000e+00
2.610001e+02 1.000000e+00
2.620001e+02 1.000000e+00
2.630001e+02 1.000000e+00
2.640001e+02 1.000000e+00
2.650001e+02 1.000000e+00
2.660001e+02 1.000000e+00
2.670001e+02 1.000000e+00
2.680001e+02 1.000000e+00
2.690001e+02 1.000000e+00
2.700001e+02 1.000000e+00
2.710001e+02 1.000000e+00
2.720001e+02 1.000000e+00
2.730001e+02 1.000000e+00
2.740001e+02 1.000000e+00
2.750001e+02 1.000000e+00
2.760001e+02 1.000000e+00
2.770001e+02 1.000000e+00
2.780001e+02 1.000000e+00
2.790001e+02 1.000000e+00
2.800001e+02 1.000000e+00
2.810001e+02 1.000000e+00
2.820001e+02 1.000000e+00
2.830001e+02 1.000000e+00
2.840001e+02 1.000000e+00
2.850001e+02 1.000000e+00
2.860001e+02 1.000000e+00
2.870001e+02 1.000000e+00
2.880001e+02 1.000000e+00
2.890001e+02 1.000000e+00
2.900001e+02 1.000000e+00
2.910001e+02 1.000000e+00
2.920001e+02 1.000000e+00
2.930001e+02 1.000000e+00
2.940001e+02 1.000000e+00
2.950001e+02 1.000000e+00
2.960001e+02 1.000000e+00
2.970001e+02 1.000000e+00
2.980001e+02 1.000000e+00
2.990001e+02 1.000000e+00
3.000001e+02 1.000000e+00
3.010001e+02 1.000000e+00
3.020001e+02 1.000000e+00
3.030001e+02 1.000000e+00
3.040001e+02 1.000000e+00
3.050001e+02 1.000000e+00
3.060001e+02 1.000000e+00
3.070001e+02 1.000000e+00
3.080001e+02 1.000000e+00
3.090001e+02 1.000000e+00
3.100001e+02 1.000000e+00
3.110001e+02 1.000000e+00
3.120001e+02 1.000000e+00
3.130001e+02 1.000000e+00
3.140001e+02 1.000000e+00
3.150001e+02 1.000000e+00
3.160001e+02 1.000000e+00
3.170001e+02 1.000000e+00
3.180001e+02 1.000000e+00
3.190001e+02 1.000000e+00
3.200001e+02 1.000000e+00
3.210001e+02 1.000000e+00
3.220001e+02 1.000000e+00
3.230001e+02 1.000000e+00
3.240001e+02 1.000000e+00
3.250001e+02 1.000000e+00
3.260001e+02 1.000000e+00
3.270001e+02 1.000000e+00
3.280001e+02 1.000000e+00
3.290001e+02 1.000000e+00
3.300001e+02 1.000000e+00
3.310001e+02 1.000000e+00
3.320001e+02 1.000000e+00
3.330001e+02 1.000000e+00
3.340001e+02 1.000000e+00
3.350001e+02 1.000000e+00
3.360001e+02 1.000000e+00
3.370001e+02 1.000000e+00
3.380001e+02 1.000000e+00
3.390001e+02 1.000000e+00
3.400001e+02 1.000000e+00
3.410001e+02 1.000000e+00
3.420001e+02 1.000000e+00
3.430001e+02 1.000000e+00
3.440001e+02 1.000000e+00
3.450001e+02 1.000000e+00
3.460001e+02 1.000000e+00
3.470001e+02 1.000000e+00
3.480001e+02 1.000000e+00
3.490001e+02 1.000000e+00
3.500001e+02 1.000000e+00
3.510001e+02 1.000000e+00
3.520001e+02 1.000000e+00
3.530001e+02 1.000000e+00
3.540001e+02 1.000000e+00
3.550001e+02 1.000000e+00
3.560001e+02 1.000000e+00
3.570001e+02 1.000000e+00
3.580001e+02 1.000000e+00
3.590001e+02 1.000000e+00
3.600001e+02 1.000000e+00
3.610001e+02 1.000000e+00
3.620001e+02 1.000000e+00
3.630001e+02 1.000000e+00
3.640001e+02 1.000000e+00
3.650001e+02 1.000000e+00
3.660001e+02 1.000000e+00
3.670001e+02 1.000000e+00
3.680001e+02 1.000000e+00
3.690001e+02 1.000000e+00
3.700001e+02 1.000000e+00
3.710001e+02 1.000000e+00
3.720001e+02 1.000000e+00
3.730001e+02 1.000000e+00
3.740001e+02 1.000000e+00
3.750001e+02 1.000000e+00
3.760001e+02 1.000000e+00
3.770001e+02 1.000000e+00
3.780001e+02 1.000000e+00
3.790001e+02 1.000000e+00
3.800001e+02 1.000000e+00
3.810001e+02 1.000000e+00
3.820001e+02 1.000000e+00
3.830001e+02 1.000000e+00
3.840001e+02 1.000000e+00
3.850001e+02 1.000000e+00
3.860001e+02 1.000000e+00
3.870001e+02 1.000000e+00
3.880001e+02 1.000000e+00
3.890001e+02 1.000000e+00
3.900001e+02 1.000000e+00
3.910001e+02 1.000000e+00
3.920001e+02 1.000000e+00
3.930001e+02 1.000000e+00
3.940001e+02 1.000000e+00
3.950001e+02 1.000000e+00
3.960001e+02 1.000000e+00
3.970001e+02 1.000000e+00
3.980001e+02 1.000000e+00
3.990001e+02 1.000000e+00
4.000001e+02 1.000000e+00
4.010001e+02 1.000000e+00
4.020001e+02 1.000000e+00
4.030001e+02 1.000000e+00
4.040001e+02 1.000000e+00
4.050001e+02 1.000000e+00
4.060001e+02 1.000000e+00
4.070001e+02 1.000000e+00
4.080001e+02 1.000000e+00
4.090001e+02 1.000000e+00
4.100001e+02 1.000000e+00
4.110001e+02 1.000000e+00
4.120001e+02 1.000000e+00
4.130001e+02 1.000000e+00
4.140001e+02 1.000000e+00
4.150001e+02 1.000000e+00
4.160001e+02 1.000000e+00
4.170001e+02 1.000000e+00
4.180001e+02 1.000000e+00
4.190001e+02 1.000000e+00
4.200001e+02 1.000000e+00
4.210001e+02 1.000000e+00
4.220001e+02 1.000000e+00
4.230001e+02 1.000000e+00
4.240001e+02 1.000000e+00
4.250001e+02 1.000000e+00
4.260001e+02 1.000000e+00
4.270001e+02 1.000000e+00
4.280001e+02 1.000000e+00
4.290001e+02 1.000000e+00
4.300001e+02 1.000000e+00
4.310001e+02 1.000000e+00
4.320001e+02 1.000000e+00
4.330001e+02 1.000000e+00
4.340001e+02 1.000000e+00
4.350001e+02 1.000000e+00
4.360001e+02 1.000000e+00
4.370001e+02 1.000000e+00
4.380001e+02 1.000000e+00
4.390001e+02 1.000000e+00
4.400001e+02 1.000000e+00
4.410001e+02 1.000000e+00
4.420001e+02 1.000000e+00
4.430001e+02 1.000000e+00
4.440001e+02 1.000000e+00
4.450001e+02 1.000000e+00
4.460001e+02 1.000000e+00
4.470001e+02 1.000000e+00
4.480001e+02 1.000000e+00
4.490001e+02 1.000000e+00
4.500001e+02 1.000000e+00
4.510001e+02 1.000000e+00
4.520001e+02 1.000000e+00
4.530001e+02 1.000000e+00
4.540001e+02 1.000000e+00
4.550001e+02 1.000000e+00
4.560001e+02 1.000000e+00
4.570001e+02 1.000000e+00
4.580001e+02 1.000000e+00
4.590001e+02 1.000000e+00
4.600001e+02 1.000000e+00
4.610001e+02 1.000000e+00
4.620001e+02 1.000000e+00
4.630001e+02 1.000000e+00
4.640001e+02 1.000000e+00
4.650001e+02 1.000000e+00
4.660001e+02 1.000000e+00
4.670001e+02 1.000000e+00
4.680001e+02 1.000000e+00
4.690001e+02 1.000000e+00
4.700001e+02 1.000000e+00
4.710001e+02 1.000000e+00
4.720001e+02 1.000000e+00
4.730001e+02 1.000000e+00
4.740001e+02 1.000000e+00
4.750001e+02 1.000000e+00
4.760001e+02 1.000000e+00
4.770001e+02 1.000000e+00
4.780001e+02 1.000000e+00
4.790001e+02 1.000000e+00
4.800001e+02 1.000000e+00
4.810001e+02 1.000000e+00
4.820001e+02 1.000000e+00
4.830001e+02 1.000000e+00
4.840001e+02 1.000000e+00
4.850001e+02 1.000000e+00
4.860001e+02 1.000000e+00
4.870001e+02 1.000000e+00
4.880001e+02 1.000000e+00
4.890001e+02 1.000000e+00
4.900001e+02 1.000000e+00
4.910001e+02 1.000000e+00
4.920001e+02 1.000000e+00
4.930001e+02 1.000000e+00
4.940001e+02 1.000000e+00
4.950001e+02 1.000000e+00
4.960001e+02 1.000000e+00
4.970001e+02 1.000000e+00
4.980001e+02 1.000000e+00
4.990001e+02 1.000000e+00
5.000001e+02 1.000000e+00
5.010001e+02 1.000000e+00
5.020001e+02 1.000000e+00
5.030001e+02 1.000000e+00
5.040001e+02 1.000000e+00
5.050001e+02 1.000000e+00
5.060001e+02 1.000000e+00
5.070001e+02 1.000000e+00
5.080001e+02 1.000000e+00
5.090001e+02 1.000000e+00
5.100001e+02 1.000000e+00
5.110001e+02 1.000000e+00
5.120001e+02 1.000000e+00
5.130001e+02 1.000000e+00
5.140001e+02 1.000000e+00
5.150001e+02 1.000000e+00
5.160001e+02 1.000000e+00
5.170001e+02 1.000000e+00
5.180001e+02 1.000000e+00
5.190001e+02 1.000000e+00
5.200001e+02 1.000000e+00
5.210001e+02 1.000000e+00
5.220001e+02 1.000000e+00
5.230001e+02 1.000000e+00
5.240001e+02 1.000000e+00
5.250001e+02 1.000000e+00
5.260001e+02 1.000000e+00
5.270001e+02 1.000000e+00
5.280001e+02 1.000000e+00
5.290001e+02 1.000000e+00
5.300001e+02 1.000000e+00
5.310001e+02 1.000000e+00
5.320001e+02 1.000000e+00
5.330001e+02 1.000000e+00
5.340001e+02 1.000000e+00
5.350001e+02 1.000000e+00
5.360001e+02 1.000000e+00
5.370001e+02 1.000000e+00
5.380001e+02 1.000000e+00
5.390001e+02 1.000000e+00
5.400001e+02 1.000000e+00
5.410001e+02 1.000000e+00
5.420001e+02 1.000000e+00
5.430001e+02 1.000000e+00
5.440001e+02 1.000000e+00
5.450001e+02 1.000000e+00
5.460001e+02 1.000000e+00
5.470001e+02 1.000000e+00
5.480001e+02 1.000000e+00
5.490001e+02 1.000000e+00
5.500001e+02 1.000000e+00
5.510001e+02 1.000000e+00
5.520001e+02 1.000000e+00
5.530001e+02 1.000000e+00
5.540001e+02 1.000000e+00
5.550001e+02 1.000000e+00
5.560001e+02 1.000000e+00
5.570001e+02 1.000000e+00
5.580001e+02 1.000000e+00
5.590001e+02 1.000000e+00
5.600001e+02 1.000000e+00
5.610001e+02 1.000000e+00
5.620001e+02 1.000000e+00
5.630001e+02 1.000000e+00
5.640001e+02 1.000000e+00
5.650001e+02 1.000000e+00
5.660001e+02 1.000000e+00
5.670001e+02 1.000000e+00
5.680001e+02 1.000000e+00
5.690001e+02 1.000000e+00
5.700001e+02 1.000000e+00
5.710001e+02 1.000000e+00
5.720001e+02 1.000000e+00
5.730001e+02 1.000000e+00
5.740001e+02 1.000000e+00
5.750001e+02 1.000000e+00
5.760001e+02 1.000000e+00
5.770001e+02 1.000000e+00
5.780001e+02 1.000000e+00
5.790001e+02 1.000000e+00
5.800001e+02 1.000000e+00
5.810001e+02 1.000000e+00
5.820001e+02 1.000000e+00
5.830001e+02 1.000000e+00
5.840001e+02 1.000000e+00
5.850001e+02 1.000000e+00
5.860001e+02 1.000000e+00
5.870001e+02 1.000000e+00
5.880001e+02 1.000000e+00
5.890001e+02 1.000000e+00
5.900001e+02 1.000000e+00
5.910001e+02 1.000000e+00
5.920001e+02 1.000000e+00
5.930001e+02 1.000000e+00
5.940001e+02 1.000000e+00
5.950001e+02 1.000000e+00
5.960001e+02 1.000000e+00
5.970001e+02 1.000000e+00
5.980001e+02 1.000000e+00
5.990001e+02 1.000000e+00
6.000001e+02 1.000000e+00
6.010001e+02 1.000000e+00
6.020001e+02 1.000000e+00
6.030001e+02 1.000000e+00
6.040001e+02 1.000000e+00
6.050001e+02 1.000000e+00
6.060001e+02 1.000000e+00
6.070001e+02 1.000000e+00
6.080001e+02 1.000000e+00
6.090001e+02 1.000000e+00
6.100001e+02 1.000000e+00
6.110001e+02 1.000000e+00
6.120001e+02 1.000000e+00
6.130001e+02 1.000000e+00
6.140001e+02 1.000000e+00
6.150001e+02 1.000000e+00
6.160001e+02 1.000000e+00
6.170001e+02 1.000000e+00
6.180001e+02 1.000000e+00
6.190001e+02 1.000000e+00
6.200001e+02 1.000000e+00
6.210001e+02 1.000000e+00
6.220001e+02 1.000000e+00
6.230001e+02 1.000000e+00
6.240001e+02 1.000000e+00
6.250001e+02 1.000000e+00
6.260001e+02 1.000000e+00
6.270001e+02 1.000000e+00
6.280001e+02 1.000000e+00
6.290001e+02 1.000000e+00
6.300001e+02 1.000000e+00
6.310001e+02 1.000000e+00
6.320001e+02 1.000000e+00
6.330001e+02 1.000000e+00
6.340001e+02 1.000000e+00
6.350001e+02 1.000000e+00
6.360001e+02 1.000000e+00
6.370001e+02 1.000000e+00
6.380001e+02 1.000000e+00
6.390001e+02 1.000000e+00
6.400001e+02 1.000000e+00
6.410001e+02 1.000000e+00
6.420001e+02 1.000000e+00
6.430001e+02 1.000000e+00
6.440001e+02 1.000000e+00
6.450001e+02 1.000000e+00
6.460001e+02 1.000000e+00
6.470001e+02 1.000000e+00
6.480001e+02 1.000000e+00
6.490001e+02 1.000000e+00
6.500001e+02 1.000000e+00
6.510001e+02 1.000000e+00
6.520001e+02 1.000000e+00
6.530001e+02 1.000000e+00
6.540001e+02 1.000000e+00
6.550001e+02 1.000000e+00
6.560001e+02 1.000000e+00
6.570001e+02 1.000000e+00
6.580001e+02 1.000000e+00
6.590001e+02 1.000000e+00
6.600001e+02 1.000000e+00
6.610001e+02 1.000000e+00
6.620001e+02 1.000000e+00
6.630001e+02 1.000000e+00
6.640001e+02 1.000000e+00
6.650001e+02 1.000000e+00
6.660001e+02 1.000000e+00
6.670001e+02 1.000000e+00
6.680001e+02 1.000000e+00
6.690001e+02 1.000000e+00
6.700001e+02 1.000000e+00
6.710001e+02 1.000000e+00
6.720001e+02 1.000000e+00
6.730001e+02 1.000000e+00
6.740001e+02 1.000000e+00
6.750001e+02 1.000000e+00
6.760001e+02 1.000000e+00
6.770001e+02 1.000000e+00
6.780001e+02 1.000000e+00
6.790001e+02 1.000000e+00
6.800001e+02 1.000000e+00
6.810001e+02 1.000000e+00
6.820001e+02 1.000000e+00
6.830001e+02 1.000000e+00
6.840001e+02 1.000000e+00
6.850001e+02 1.000000e+00
6.860001e+02 1.000000e+00
6.870001e+02 1.000000e+00
6.880001e+02 1.000000e+00
6.890001e+02 1.000000e+00
6.900001e+02 1.000000e+00
6.910001e+02 1.000000e+00
6.920001e+02 1.000000e+00
6.930001e+02 1.000000e+00
6.940001e+02 1.000000e+00
6.950001e+02 1.000000e+00
6.960001e+02 1.000000e+00
6.970001e+02 1.000000e+00
6.980001e+02 1.000000e+00
6.990001e+02 1.000000e+00
7.000001e+02 1.000000e+00
7.010001e+02 1.000000e+00
7.020001e+02 1.000000e+00
7.030001e+02 1.000000e+00
7.040001e+02 1.000000e+00
7.050001e+02 1.000000e+00
7.060001e+02 1.000000e+00
7.070001e+02 1.000000e+00
7.080001e+02 1.000000e+00
7.090001e+02 1.000000e+00
7.100001e+02 1.000000e+00
7.110001e+02 1.000000e+00
7.120001e+02 1.000000e+00
7.130001e+02 1.000000e+00
7.140001e+02 1.000000e+00
7.150001e+02 1.000000e+00
7.160001e+02 1.000000e+00
7.170001e+02 1.000000e+00
7.180001e+02 1.000000e+00
7.190001e+02 1.000000e+00
7.200001e+02 1.000000e+00
7.210001e+02 1.000000e+00
7.220001e+02 1.000000e+00
7.230001e+02 1.000000e+00
7.240001e+02 1.000000e+00
7.250001e+02 1.000000e+00
7.260001e+02 1.000000e+00
7.270001e+02 1.000000e+00
7.280001e+02 1.000000e+00
7.290001e+02 1.000000e+00
7.300001e+02 1.000000e+00
7.310001e+02 1.000000e+00
7.320001e+02 1.000000e+00
7.330001e+02 1.000000e+00
7.340001e+02 1.000000e+00
7.350001e+02 1.000000e+00
7.360001e+02 1.000000e+00
7.370001e+02 1.000000e+00
7.380001e+02 1.000000e+00
7.390001e+02 1.000000e+00
7.400001e+02 1.000000e+00
7.410001e+02 1.000000e+00
7.420001e+02 1.000000e+00
7.430001e+02 1.000000e+00
7.440001e+02 1.000000e+00
7.450001e+02 1.000000e+00
7.460001e+02 1.000000e+00
7.470001e+02 1.000000e+00
7.480001e+02 1.000000e+00
7.490001e+02 1.000000e+00
7.500001e+02 1.000000e+00
7.510001e+02 1.000000e+00
7.520001e+02 1.000000e+00
7.530001e+02 1.000000e+00
7.540001e+02 1.000000e+00
7.550001e+02 1.000000e+00
7.560001e+02 1.000000e+00
7.570001e+02 1.000000e+00
7.580001e+02 1.000000e+00
7.590001e+02 1.000000e+00
7.600001e+02 1.000000e+00
7.610001e+02 1.000000e+00
7.620001e+02 1.000000e+00
7.630001e+02 1.000000e+00
7.640001e+02 1.000000e+00
7.650001e+02 1.000000e+00
7.660001e+02 1.000000e+00
7.670001e+02 1.000000e+00
7.680001e+02 1.000000e+00
7.690001e+02 1.000000e+00
7.700001e+02 1.000000e+00
7.710001e+02 1.000000e+00
7.720001e+02 1.000000e+00
7.730001e+02 1.000000e+00
7.740001e+02 1.000000e+00
7.750001e+02 1.000000e+00
7.760001e+02 1.000000e+00
7.770001e+02 1.000000e+00
7.780001e+02 1.000000e+00
7.790001e+02 1.000000e+00
7.800001e+02 1.000000e+00
7.810001e+02 1.000000e+00
7.820001e+02 1.000000e+00
7.830001e+02 1.000000e+00
7.840001e+02 1.000000e+00
7.850001e+02 1.000000e+00
7.860001e+02 1.000000e+00
7.870001e+02 1.000000e+00
7.880001e+02 1.000000e+00
7.890001e+02 1.000000e+00
7.900001e+02 1.000000e+00
7.910001e+02 1.000000e+00
7.920001e+02 1.000000e+00
7.930001e+02 1.000000e+00
7.940001e+02 1.000000e+00
7.950001e+02 1.000000e+00
7.960001e+02 1.000000e+00
7.970001e+02 1.000000e+00
7.980001e+02 1.000000e+00
7.990001e+02 1.000000e+00
8.000001e+02 1.000000e+00
8.010001e+02 1.000000e+00
8.020001e+02 1.000000e+00
8.030001e+02 1.000000e+00
8.040001e+02 1.000000e+00
8.050001e+02 1.000000e+00
8.060001e+02 1.000000e+00
8.070001e+02 1.000000e+00
8.080001e+02 1.000000e+00
8.090001e+02 1.000000e+00
8.100001e+02 1.000000e+00
8.110001e+02 1.000000e+00
8.120001e+02 1.000000e+00
8.130001e+02 1.000000e+00
8.140001e+02 1.000000e+00
8.150001e+02 1.000000e+00
8.160001e+02 1.000000e+00
8.170001e+02 1.000000e+00
8.180001e+02 1.000000e+00
8.190001e+02 1.000000e+00
8.200001e+02 1.000000e+00
8.210001e+02 1.000000e+00
8.220001e+02 1.000000e+00
8.230001e+02 1.000000e+00
8.240001e+02 1.000000e+00
8.250001e+02 1.000000e+00
8.260001e+02 1.000000e+00
8.270001e+02 1.000000e+00
8.280001e+02 1.000000e+00
8.290001e+02 1.000000e+00
8.300001e+02 1.000000e+00
8.310001e+02 1.000000e+00
8.320001e+02 1.000000e+00
8.330001e+02 1.000000e+00
8.340001e+02 1.000000e+00
8.350001e+02 1.000000e+00
8.360001e+02 1.000000e+00
8.370001e+02 1.000000e+00
8.380001e+02 1.000000e+00
8.390001e+02 1.000000e+00
8.400001e+02 1.000000e+00
8.410001e+02 1.000000e+00
8.420001e+02 1.000000e+00
8.430001e+02 1.000000e+00
8.440001e+02 1.000000e+00
8.450001e+02 1.000000e+00
8.460001e+02 1.000000e+00
8.470001e+02 1.000000e+00
8.480001e+02 1.000000e+00
8.490001e+02 1.000000e+00
8.500001e+02 1.000000e+00
8.510001e+02 1.000000e+00
8.520001e+02 1.000000e+00
8.530001e+02 1.000000e+00
8.540001e+02 1.000000e+00
8.550001e+02 1.000000e+00
8.560001e+02 1.000000e+00
8.570001e+02 1.000000e+00
8.580001e+02 1.000000e+00
8.590001e+02 1.000000e+00
8.600001e+02 1.000000e+00
8.610001e+02 1.000000e+00
8.620001e+02 1.000000e+00
8.630001e+02 1.000000e+00
8.640001e+02 1.000000e+00
8.650001e+02 1.000000e+00
8.660001e+02 1.000000e+00
8.670001e+02 1.000000e+00
8.680001e+02 1.000000e+00
8.690001e+02 1.000000e+00
8.700001e+02 1.000000e+00
8.710001e+02 1.000000e+00
8.720001e+02 1.000000e+00
8.730001e+02 1.000000e+00
8.740001e+02 1.000000e+00
8.750001e+02 1.000000e+00
8.760001e+02 1.000000e+00
8.770001e+02 1.000000e+00
8.780001e+02 1.000000e+00
8.790001e+02 1.000000e+00
8.800001e+02 1.000000e+00
8.810001e+02 1.000000e+00
8.820001e+02 1.000000e+00
8.830001e+02 1.000000e+00
8.840001e+02 1.000000e+00
8.850001e+02 1.000000e+00
8.860001e+02 1.000000e+00
8.870001e+02 1.000000e+00
8.880001e+02 1.000000e+00
8.890001e+02 1.000000e+00
8.900001e+02 1.000000e+00
8.910001e+02 1.000000e+00
8.920001e+02 1.000000e+00
8.930001e+02 1.000000e+00
8.940001e+02 1.000000e+00
8.950001e+02 1.000000e+00
8.960001e+02 1.000000e+00
8.970001e+02 1.000000e+00
8.980001e+02 1.000000e+00
8.990001e+02 1.000000e+00
9.000001e+02 1.000000e+00
9.010001e+02 1.000000e+00
9.020001e+02 1.000000e+00
9.030001e+02 1.000000e+00
9.040001e+02 1.000000e+00
9.050001e+02 1.000000e+00
9.060001e+02 1.000000e+00
9.070001e+02 1.000000e+00
9.080001e+02 1.000000e+00
9.090001e+02 1.000000e+00
9.100001e+02 1.000000e+00
9.110001e+02 1.000000e+00
9.120001e+02 1.000000e+00
9.130001e+02 1.000000e+00
9.140001e+02 1.000000e+00
9.150001e+02 1.000000e+00
9.160001e+02 1.000000e+00
9.170001e+02 1.000000e+00
9.180001e+02 1.000000e+00
9.190001e+02 1.000000e+00
9.200001e+02 1.000000e+00
9.210001e+02 1.000000e+00
9.220001e+02 1.000000e+00
9.230001e+02 1.000000e+00
9.240001e+02 1.000000e+00
9.250001e+02 1.000000e+00
9.260001e+02 1.000000e+00
9.270001e+02 1.000000e+00
9.280001e+02 1.000000e+00
9.290001e+02 1.000000e+00
9.300001e+02 1.000000e+00
9.310001e+02 1.000000e+00
9.320001e+02 1.000000e+00
9.330001e+02 1.000000e+00
9.340001e+02 1.000000e+00
9.350001e+02 1.000000e+00
9.360001e+02 1.000000e+00
9.370001e+02 1.000000e+00
9.380001e+02 1.000000e+00
9.390001e+02 1.000000e+00
9.400001e+02 1.000000e+00
9.410001e+02 1.000000e+00
9.420001e+02 1.000000e+00
9.430001e+02 1.000000e+00
9.440001e+02 1.000000e+00
9.450001e+02 1.000000e+00
9.460001e+02 1.000000e+00
9.470001e+02 1.000000e+00
9.480001e+02 1.000000e+00
9.490001e+02 1.000000e+00
9.500001e+02 1.000000e+00
9.510001e+02 1.000000e+00
9.520001e+02 1.000000e+00
9.530001e+02 1.000000e+00
9.540001e+02 1.000000e+00
9.550001e+02 1.000000e+00
9.560001e+02 1.000000e+00
9.570001e+02 1.000000e+00
9.580001e+02 1.000000e+00
9.590001e+02 1.000000e+00
9.600001e+02 1.000000e+00
9.610001e+02 1.000000e+00
9.620001e+02 1.000000e+00
9.630001e+02 1.000000e+00
9.640001e+02 1.000000e+00
9.650001e+02 1.000000e+00
9.660001e+02 1.000000e+00
9.670001e+02 1.000000e+00
9.680001e+02 1.000000e+00
9.690001e+02 1.000000e+00
9.700001e+02 1.000000e+00
9.710001e+02 1.000000e+00
9.720001e+02 1.000000e+00
9.730001e+02 1.000000e+00
9.740001e+02 1.000000e+00
9.750001e+02 1.000000e+00
9.760001e+02 1.000000e+00
9.770001e+02 1.000000e+00
9.780001e+02 1.000000e+00
9.790001e+02 1.000000e+00
9.800001e+02 1.000000e+00
9.810001e+02 1.000000e+00
9.820001e+02 1.000000e+00
9.830001e+02 1.000000e+00
9.840001e+02 1.000000e+00
9.850001e+02 1.000000e+00
9.860001e+02 1.000000e+00
9.870001e+02 1.000000e+00
9.880001e+02 1.000000e+00
9.890001e+02 1.000000e+00
9.900001e+02 1.000000e+00
9.910001e+02 1.000000e+00
9.920001e+02 1.000000e+00
9.930001e+02 1.000000e+00
9.940001e+02 1.000000e+00
9.950001e+02 1.000000e+00
9.960001e+02 1.000000e+00
9.970001e+02 1.000000e+00
9.980001e+02 1.000000e+00
9.990001e+02 1.000000e+00
1.000000e+03 1.000000e+00
1.001000e+03 1.000000e+00
1.002000e+03 1.000000e+00
1.003000e+03 1.000000e+00
1.004000e+03 1.000000e+00
1.005000e+03 1.000000e+00
1.006000e+03 1.000000e+00
1.007000e+03 1.000000e+00
1.008000e+03 1.000000e+00
1.009000e+03 1.000000e+00
1.010000e+03 1.000000e+00
1.011000e+03 1.000000e+00
1.012000e+03 1.000000e+00
1.013000e+03 1.000000e+00
1.014000e+03 1.000000e+00
1.015000e+03 1.000000e+00
1.016000e+03 1.000000e+00
1.017000e+03 1.000000e+00
1.018000e+03 1.000000e+00
1.019000e+03 1.000000e+00
1.020000e+03 1.000000e+00
1.021000e+03 1.000000e+00
1.022000e+03 1.000000e+00
1.023000e+03 1.000000e+00
1.024000e+03 1.000000e+00
1.025000e+03 1.000000e+00
1.026000e+03 1.000000e+00
1.027000e+03 1.000000e+00
1.028000e+03 1.000000e+00
1.029000e+03 1.000000e+00
1.030000e+03 1.000000e+00
1.031000e+03 1.000000e+00
1.032000e+03 1.000000e+00
1.033000e+03 1.000000e+00
1.034000e+03 1.000000e+00
1.035000e+03 1.000000e+00
1.036000e+03 1.000000e+00
1.037000e+03 1.000000e+00
1.038000e+03 1.000000e+00
1.039000e+03 1.000000e+00
1.040000e+03 1.000000e+00
1.041000e+03 1.000000e+00
1.042000e+03 1.000000e+00
1.043000e+03 1.000000e+00
1.044000e+03 1.000000e+00
1.045000e+03 1.000000e+00
1.046000e+03 1.000000e+00
1.047000e+03 1.000000e+00
1.048000e+03 1.000000e+00
1.049000e+03 1.000000e+00
1.050000e+03 1.000000e+00
1.051000e+03 1.000000e+00
1.052000e+03 1.000000e+00
1.053000e+03 1.000000e+00
1.054000e+03 1.000000e+00
1.055000e+03 1.000000e+00
1.056000e+03 1.000000e+00
1.057000e+03 1.000000e+00
1.058000e+03 1.000000e+00
1.059000e+03 1.000000e+00
1.060000e+03 1.000000e+00
1.061000e+03 1.000000e+00
1.062000e+03 1.000000e+00
1.063000e+03 1.000000e+00
1.064000e+03 1.000000e+00
1.065000e+03 1.000000e+00
1.066000e+03 1.000000e+00
1.067000e+03 1.000000e+00
1.068000e+03 1.000000e+00
1.069000e+03 1.000000e+00
1.070000e+03 1.000000e+00
1.071000e+03 1.000000e+00
1.072000e+03 1.000000e+00
1.073000e+03 1.000000e+00
1.074000e+03 1.000000e+00
1.075000e+03 1.000000e+00
1.076000e+03 1.000000e+00
1.077000e+03 1.000000e+00
1.078000e+03 1.000000e+00
1.079000e+03 1.000000e+00
1.080000e+03 1.000000e+00
1.081000e+03 1.000000e+00
1.082000e+03 1.000000e+00
1.083000e+03 1.000000e+00
1.084000e+03 1.000000e+00
1.085000e+03 1.000000e+00
1.086000e+03 1.000000e+00
1.087000e+03 1.000000e+00
1.088000e+03 1.000000e+00
1.089000e+03 1.000000e+00
1.090000e+03 1.000000e+00
1.091000e+03 1.000000e+00
1.092000e+03 1.000000e+00
1.093000e+03 1.000000e+00
1.094000e+03 1.000000e+00
1.095000e+03 1.000000e+00
1.096000e+03 1.000000e+00
1.097000e+03 1.000000e+00
1.098000e+03 1.000000e+00
1.099000e+03 1.000000e+00
1.100000e+03 1.000000e+00
1.101000e+03 1.000000e+00
1.102000e+03 1.000000e+00
1.103000e+03 1.000000e+00
1.104000e+03 1.000000e+00
1.105000e+03 1.000000e+00
1.106000e+03 1.000000e+00
1.107000e+03 1.000000e+00
1.108000e+03 1.000000e+00
1.109000e+03 1.000000e+00
1.110000e+03 1.000000e+00
1.111000e+03 1.000000e+00
1.112000e+03 1.000000e+00
1.113000e+03 1.000000e+00
1.114000e+03 1.000000e+00
1.115000e+03 1.000000e+00
1.116000e+03 1.000000e+00
1.117000e+03 1.000000e+00
1.118000e+03 1.000000e+00
1.119000e+03 1.000000e+00
1.120000e+03 1.000000e+00
1.121000e+03 1.000000e+00
1.122000e+03 1.000000e+00
1.123000e+03 1.000000e+00
1.124000e+03 1.000000e+00
1.125000e+03 1.000000e+00
1.126000e+03 1.000000e+00
1.127000e+03 1.000000e+00
1.128000e+03 1.000000e+00
1.129000e+03 1.000000e+00
1.130000e+03 1.000000e+00
1.131000e+03 1.000000e+00
1.132000e+03 1.000000e+00
1.133000e+03 1.000000e+00
1.134000e+03 1.000000e+00
1.135000e+03 1.000000e+00
1.136000e+03 1.000000e+00
1.137000e+03 1.000000e+00
1.138000e+03 1.000000e+00
1.139000e+03 1.000000e+00
1.140000e+03 1.000000e+00
1.141000e+03 1.000000e+00
1.142000e+03 1.000000e+00
1.143000e+03 1.000000e+00
1.144000e+03 1.000000e+00
1.145000e+03 1.000000e+00
1.146000e+03 1.000000e+00
1.147000e+03 1.000000e+00
1.148000e+03 1.000000e+00
1.149000e+03 1.000000e+00
1.150000e+03 1.000000e+00
1.151000e+03 1.000000e+00
1.152000e+03 1.000000e+00
1.153000e+03 1.000000e+00
1.154000e+03 1.000000e+00
1.155000e+03 1.000000e+00
1.156000e+03 1.000000e+00
1.157000e+03 1.000000e+00
1.158000e+03 1.000000e+00
1.159000e+03 1.000000e+00
1.160000e+03 1.000000e+00
1.161000e+03 1.000000e+00
1.162000e+03 1.000000e+00
1.163000e+03 1.000000e+00
1.164000e+03 1.000000e+00
1.165000e+03 1.000000e+00
1.166000e+03 1.000000e+00
1.167000e+03 1.000000e+00
1.168000e+03 1.000000e+00
1.169000e+03 1.000000e+00
1.170000e+03 1.000000e+00
1.171000e+03 1.000000e+00
1.172000e+03 1.000000e+00
1.173000e+03 1.000000e+00
1.174000e+03 1.000000e+00
1.175000e+03 1.000000e+00
1.176000e+03 1.000000e+00
1.177000e+03 1.000000e+00
1.178000e+03 1.000000e+00
1.179000e+03 1.000000e+00
1.180000e+03 1.000000e+00
1.181000e+03 1.000000e+00
1.182000e+03 1.000000e+00
1.183000e+03 1.000000e+00
1.184000e+03 1.000000e+00
1.185000e+03 1.000000e+00
1.186000e+03 1.000000e+00
1.187000e+03 1.000000e+00
1.188000e+03 1.000000e+00
1.189000e+03 1.000000e+00
1.190000e+03 1.000000e+00
1.191000e+03 1.000000e+00
1.192000e+03 1.000000e+00
1.193000e+03 1.000000e+00
1.194000e+03 1.000000e+00
1.195000e+03 1.000000e+00
1.196000e+03 1.000000e+00
1.197000e+03 1.000000e+00
1.198000e+03 1.000000e+00
1.199000e+03 1.000000e+00
1.200000e+03 1.000000e+00
1.201000e+03 1.000000e+00
1.202000e+03 1.000000e+00
1.203000e+03 1.000000e+00
1.204000e+03 1.000000e+00
1.205000e+03 1.000000e+00
1.206000e+03 1.000000e+00
1.207000e+03 1.000000e+00
1.208000e+03 1.000000e+00
1.209000e+03 1.000000e+00
1.210000e+03 1.000000e+00
1.211000e+03 1.000000e+00
1.212000e+03 1.000000e+00
1.213000e+03 1.000000e+00
1.214000e+03 1.000000e+00
1.215000e+03 1.000000e+00
1.216000e+03 1.000000e+00
1.217000e+03 1.000000e+00
1.218000e+03 1.000000e+00
1.219000e+03 1.000000e+00
1.220000e+03 1.000000e+00
1.221000e+03 1.000000e+00
1.222000e+03 1.000000e+00
1.223000e+03 1.000000e+00
1.224000e+03 1.000000e+00
1.225000e+03 1.000000e+00
1.226000e+03 1.000000e+00
1.227000e+03 1.000000e+00
1.228000e+03 1.000000e+00
1.229000e+03 1.000000e+00
1.230000e+03 1.000000e+00
1.231000e+03 1.000000e+00
1.232000e+03 1.000000e+00
1.233000e+03 1.000000e+00
1.234000e+03 1.000000e+00
1.235000e+03 1.000000e+00
1.236000e+03 1.000000e+00
1.237000e+03 1.000000e+00
1.238000e+03 1.000000e+00
1.239000e+03 1.000000e+00
1.240000e+03 1.000000e+00
1.241000e+03 1.000000e+00
1.242000e+03 1.000000e+00
1.243000e+03 1.000000e+00
1.244000e+03 1.000000e+00
1.245000e+03 1.000000e+00
1.246000e+03 1.000000e+00
1.247000e+03 1.000000e+00
1.248000e+03 1.000000e+00
1.249000e+03 1.000000e+00
1.250000e+03 1.000000e+00
1.251000e+03 1.000000e+00
1.252000e+03 1.000000e+00
1.253000e+03 1.000000e+00
1.254000e+03 1.000000e+00
1.255000e+03 1.000000e+00
1.256000e+03 1.000000e+00
1.257000e+03 1.000000e+00
1.258000e+03 1.000000e+00
1.259000e+03 1.000000e+00
1.260000e+03 1.000000e+00
1.261000e+03 1.000000e+00
1.262000e+03 1.000000e+00
1.263000e+03 1.000000e+00
1.264000e+03 1.000000e+00
1.265000e+03 1.000000e+00
1.266000e+03 1.000000e+00
1.267000e+03 1.000000e+00
1.268000e+03 1.000000e+00
1.269000e+03 1.000000e+00
1.270000e+03 1.000000e+00
1.271000e+03 1.000000e+00
1.272000e+03 1.000000e+00
1.273000e+03 1.000000e+00
1.274000e+03 1.000000e+00
1.275000e+03 1.000000e+00
1.276000e+03 1.000000e+00
1.277000e+03 1.000000e+00
1.278000e+03 1.000000e+00
1.279000e+03 1.000000e+00
1.280000e+03 1.000000e+00
1.281000e+03 1.000000e+00
1.282000e+03 1.000000e+00
1.283000e+03 1.000000e+00
1.284000e+03 1.000000e+00
1.285000e+03 1.000000e+00
1.286000e+03 1.000000e+00
1.287000e+03 1.000000e+00
1.288000e+03 1.000000e+00
1.289000e+03 1.000000e+00
1.290000e+03 1.000000e+00
1.291000e+03 1.000000e+00
1.292000e+03 1.000000e+00
1.293000e+03 1.000000e+00
1.294000e+03 1.000000e+00
1.295000e+03 1.000000e+00
1.296000e+03 1.000000e+00
1.297000e+03 1.000000e+00
1.298000e+03 1.000000e+00
1.299000e+03 1.000000e+00
1.300000e+03 1.000000e+00
1.301000e+03 1.000000e+00
1.302000e+03 1.000000e+00
1.303000e+03 1.000000e+00
1.304000e+03 1.000000e+00
1.305000e+03 1.000000e+00
1.306000e+03 1.000000e+00
1.307000e+03 1.000000e+00
1.308000e+03 1.000000e+00
1.309000e+03 1.000000e+00
1.310000e+03 1.000000e+00
1.311000e+03 1.000000e+00
1.312000e+03 1.000000e+00
1.313000e+03 1.000000e+00
1.314000e+03 1.000000e+00
1.315000e+03 1.000000e+00
1.316000e+03 1.000000e+00
1.317000e+03 1.000000e+00
1.318000e+03 1.000000e+00
1.319000e+03 1.000000e+00
1.320000e+03 1.000000e+00
1.321000e+03 1.000000e+00
1.322000e+03 1.000000e+00
1.323000e+03 1.000000e+00
1.324000e+03 1.000000e+00
1.325000e+03 1.000000e+00
1.326000e+03 1.000000e+00
1.327000e+03 1.000000e+00
1.328000e+03 1.000000e+00
1.329000e+03 1.000000e+00
1.330000e+03 1.000000e+00
1.331000e+03 1.000000e+00
1.332000e+03 1.000000e+00
1.333000e+03 1.000000e+00
1.334000e+03 1.000000e+00
1.335000e+03 1.000000e+00
1.336000e+03 1.000000e+00
1.337000e+03 1.000000e+00
1.338000e+03 1.000000e+00
1.339000e+03 1.000000e+00
1.340000e+03 1.000000e+00
1.341000e+03 1.000000e+00
1.342000e+03 1.000000e+00
1.343000e+03 1.000000e+00
1.344000e+03 1.000000e+00
1.345000e+03 1.000000e+00
1.346000e+03 1.000000e+00
1.347000e+03 1.000000e+00
1.348000e+03 1.000000e+00
1.349000e+03 1.000000e+00
1.350000e+03 1.000000e+00
1.351000e+03 1.000000e+00
1.352000e+03 1.000000e+00
1.353000e+03 1.000000e+00
1.354000e+03 1.000000e+00
1.355000e+03 1.000000e+00
1.356000e+03 1.000000e+00
1.357000e+03 1.000000e+00
1.358000e+03 1.000000e+00
1.359000e+03 1.000000e+00
1.360000e+03 1.000000e+00
1.361000e+03 1.000000e+00
1.362000e+03 1.000000e+00
1.363000e+03 1.000000e+00
1.364000e+03 1.000000e+00
1.365000e+03 1.000000e+00
1.366000e+03 1.000000e+00
1.367000e+03 1.000000e+00
1.368000e+03 1.000000e+00
1.369000e+03 1.000000e+00
1.370000e+03 1.000000e+00
1.371000e+03 1.000000e+00
1.372000e+03 1.000000e+00
1.373000e+03 1.000000e+00
1.374000e+03 1.000000e+00
1.375000e+03 1.000000e+00
1.376000e+03 1.000000e+00
1.377000e+03 1.000000e+00
1.378000e+03 1.000000e+00
1.379000e+03 1.000000e+00
1.380000e+03 1.000000e+00
1.381000e+03 1.000000e+00
1.382000e+03 1.000000e+00
1.383000e+03 1.000000e+00
1.384000e+03 1.000000e+00
1.385000e+03 1.000000e+00
1.386000e+03 1.000000e+00
1.387000e+03 1.000000e+00
1.388000e+03 1.000000e+00
1.389000e+03 1.000000e+00
1.390000e+03 1.000000e+00
1.391000e+03 1.000000e+00
1.392000e+03 1.000000e+00
1.393000e+03 1.000000e+00
1.394000e+03 1.000000e+00
1.395000e+03 1.000000e+00
1.396000e+03 1.000000e+00
1.397000e+03 1.000000e+00
1.398000e+03 1.000000e+00
1.399000e+03 1.000000e+00
1.400000e+03 1.000000e+00
1.401000e+03 1.000000e+00
1.402000e+03 1.000000e+00
1.403000e+03 1.000000e+00
1.404000e+03 1.000000e+00
1.405000e+03 1.000000e+00
1.406000e+03 1.000000e+00
1.407000e+03 1.000000e+00
1.408000e+03 1.000000e+00
1.409000e+03 1.000000e+00
1.410000e+03 1.000000e+00
1.411000e+03 1.000000e+00
1.412000e+03 1.000000e+00
1.413000e+03 1.000000e+00
1.414000e+03 1.000000e+00
1.415000e+03 1.000000e+00
1.416000e+03 1.000000e+00
1.417000e+03 1.000000e+00
1.418000e+03 1.000000e+00
1.419000e+03 1.000000e+00
1.420000e+03 1.000000e+00
1.421000e+03 1.000000e+00
1.422000e+03 1.000000e+00
1.423000e+03 1.000000e+00
1.424000e+03 1.000000e+00
1.425000e+03 1.000000e+00
1.426000e+03 1.000000e+00
1.427000e+03 1.000000e+00
1.428000e+03 1.000000e+00
1.429000e+03 1.000000e+00
1.430000e+03 1.000000e+00
1.431000e+03 1.000000e+00
1.432000e+03 1.000000e+00
1.433000e+03 1.000000e+00
1.434000e+03 1.000000e+00
1.435000e+03 1.000000e+00
1.436000e+03 1.000000e+00
1.437000e+03 1.000000e+00
1.438000e+03 1.000000e+00
1.439000e+03 1.000000e+00
1.440000e+03 1.000000e+00
1.441000e+03 1.000000e+00
1.442000e+03 1.000000e+00
1.443000e+03 1.000000e+00
1.444000e+03 1.000000e+00
1.445000e+03 1.000000e+00
1.446000e+03 1.000000e+00
1.447000e+03 1.000000e+00
1.448000e+03 1.000000e+00
1.449000e+03 1.000000e+00
1.450000e+03 1.000000e+00
1.451000e+03 1.000000e+00
1.452000e+03 1.000000e+00
1.453000e+03 1.000000e+00
1.454000e+03 1.000000e+00
1.455000e+03 1.000000e+00
1.456000e+03 1.000000e+00
1.457000e+03 1.000000e+00
1.458000e+03 1.000000e+00
1.459000e+03 1.000000e+00
1.460000e+03 1.000000e+00
1.461000e+03 1.000000e+00
1.462000e+03 1.000000e+00
1.463000e+03 1.000000e+00
1.464000e+03 1.000000e+00
1.465000e+03 1.000000e+00
1.466000e+03 1.000000e+00
1.467000e+03 1.000000e+00
1.468000e+03 1.000000e+00
1.469000e+03 1.000000e+00
1.470000e+03 1.000000e+00
1.471000e+03 1.000000e+00
1.472000e+03 1.000000e+00
1.473000e+03 1.000000e+00
1.474000e+03 1.000000e+00
1.475000e+03 1.000000e+00
1.476000e+03 1.000000e+00
1.477000e+03 1.000000e+00
1.478000e+03 1.000000e+00
1.479000e+03 1.000000e+00
1.480000e+03 1.000000e+00
1.481000e+03 1.000000e+00
1.482000e+03 1.000000e+00
1.483000e+03 1.000000e+00
1.484000e+03 1.000000e+00
1.485000e+03 1.000000e+00
1.486000e+03 1.000000e+00
1.487000e+03 1.000000e+00
1.488000e+03 1.000000e+00
1.489000e+03 1.000000e+00
1.490000e+03 1.000000e+00
1.491000e+03 1.000000e+00
1.492000e+03 1.000000e+00
1.493000e+03 1.000000e+00
1.494000e+03 1.000000e+00
1.495000e+03 1.000000e+00
1.496000e+03 1.000000e+00
1.497000e+03 1.000000e+00
1.498000e+03 1.000000e+00
1.499000e+03 1.000000e+00
1.500000e+03 1.000000e+00
